0  #IVarray
#nbElt 36
0  0.057931
1  0.0874438
2  0.129351
3  0.154013
4  0.156996
5  0.148483
6  0.13181
7  0.11217
8  0.0938685
9  0.0783957
10  0.063856
11  0.0513984
12  0.0426481
13  0.035785
14  0.0281749
15  0.0221734
16  0.020449
17  0.0211899
18  0.0213035
19  0.0235118
20  0.0348499
21  0.0645261
22  0.115601
23  0.179395
24  0.241708
25  0.293432
26  0.336496
27  0.375281
28  0.414717
29  0.456708
30  0.503323
31  0.553061
32  0.604605
33  0.649601
34  0.682548
35  0.705365

1  #IVarray
#nbElt 36
0  0.0816699
1  0.151806
2  0.283435
3  0.419512
4  0.471221
5  0.476473
6  0.467955
7  0.453145
8  0.435102
9  0.41307
10  0.385169
11  0.353554
12  0.324695
13  0.297096
14  0.259726
15  0.224038
16  0.212756
17  0.219229
18  0.219543
19  0.229978
20  0.2774
21  0.349522
22  0.408582
23  0.436231
24  0.440477
25  0.443881
26  0.46018
27  0.483115
28  0.503499
29  0.516084
30  0.522483
31  0.525299
32  0.52834
33  0.529991
34  0.528287
35  0.526439

2  #IVarray
#nbElt 36
0  0.0492535
1  0.0763064
2  0.114544
3  0.183863
4  0.270317
5  0.289553
6  0.261384
7  0.214145
8  0.165862
9  0.126023
10  0.0942114
11  0.0689287
12  0.0506331
13  0.0392594
14  0.0305608
15  0.0238786
16  0.0212039
17  0.0216431
18  0.0224901
19  0.0231427
20  0.0251873
21  0.0305011
22  0.0466751
23  0.0838313
24  0.137748
25  0.191409
26  0.238976
27  0.283232
28  0.329176
29  0.378364
30  0.433863
31  0.493153
32  0.553761
33  0.606749
34  0.6441
35  0.667729

3  #IVarray
#nbElt 36
0  0.0618277
1  0.115198
2  0.207648
3  0.310461
4  0.379256
5  0.433524
6  0.498895
7  0.556773
8  0.581199
9  0.576668
10  0.549076
11  0.50393
12  0.442655
13  0.373381
14  0.30525
15  0.243626
16  0.192887
17  0.151226
18  0.117701
19  0.0954273
20  0.0827031
21  0.0755577
22  0.0700627
23  0.0663037
24  0.0657573
25  0.0678639
26  0.0715716
27  0.0764898
28  0.0814293
29  0.0829498
30  0.0799354
31  0.075752
32  0.0725377
33  0.0717751
34  0.0749463
35  0.08224

4  #IVarray
#nbElt 36
0  0.0735912
1  0.134293
2  0.234624
3  0.333126
4  0.378856
5  0.406703
6  0.439823
7  0.474368
8  0.507943
9  0.536312
10  0.550174
11  0.549475
12  0.533097
13  0.501499
14  0.457213
15  0.403358
16  0.347498
17  0.291642
18  0.238344
19  0.196817
20  0.167402
21  0.147174
22  0.130485
23  0.117975
24  0.110975
25  0.107583
26  0.106588
27  0.108158
28  0.111864
29  0.114064
30  0.11249
31  0.108158
32  0.102202
33  0.097473
34  0.0977936
35  0.104448

5  #IVarray
#nbElt 36
0  0.0158535
1  0.018612
2  0.0205803
3  0.0220244
4  0.0229002
5  0.0238311
6  0.0254053
7  0.0282599
8  0.0333563
9  0.0437575
10  0.0605973
11  0.0768619
12  0.0845633
13  0.0760679
14  0.0583555
15  0.0422321
16  0.03144
17  0.0241187
18  0.0188852
19  0.0158074
20  0.0142439
21  0.0131874
22  0.0122588
23  0.0115852
24  0.0111528
25  0.0109612
26  0.0109423
27  0.0108745
28  0.0108266
29  0.0108003
30  0.0108769
31  0.0109407
32  0.011286
33  0.01152
34  0.0112815
35  0.0114894

6  #IVarray
#nbElt 36
0  0.0717826
1  0.114536
2  0.176411
3  0.226594
4  0.250721
5  0.2687
6  0.290728
7  0.322704
8  0.372236
9  0.432893
10  0.483633
11  0.514261
12  0.518046
13  0.496643
14  0.458666
15  0.408538
16  0.353772
17  0.29762
18  0.243852
19  0.200733
20  0.167461
21  0.141607
22  0.120262
23  0.105733
24  0.0977829
25  0.0936099
26  0.0913021
27  0.0904858
28  0.0919246
29  0.0944882
30  0.0966656
31  0.0974416
32  0.0962684
33  0.0938488
34  0.0930566
35  0.0966123

7  #IVarray
#nbElt 36
0  0.0147298
1  0.0137632
2  0.0138681
3  0.0133418
4  0.0133538
5  0.0133953
6  0.013585
7  0.0138186
8  0.01411
9  0.0147618
10  0.0153429
11  0.0160187
12  0.0171786
13  0.0192913
14  0.0225912
15  0.0257014
16  0.0277162
17  0.0287298
18  0.0295119
19  0.0308547
20  0.0322012
21  0.0330594
22  0.0331614
23  0.0328953
24  0.032535
25  0.032125
26  0.0317274
27  0.0314023
28  0.0310112
29  0.0308605
30  0.030476
31  0.0301996
32  0.0299729
33  0.029812
34  0.0295979
35  0.0294356

8  #IVarray
#nbElt 36
0  0.0420061
1  0.0548744
2  0.069649
3  0.0777479
4  0.0798408
5  0.0796871
6  0.0774472
7  0.073801
8  0.0692233
9  0.0637725
10  0.0559397
11  0.0472617
12  0.0400815
13  0.0341408
14  0.0276331
15  0.0226512
16  0.0209771
17  0.0210769
18  0.0208137
19  0.0218659
20  0.0269264
21  0.0356075
22  0.0434311
23  0.0485154
24  0.0520946
25  0.0556831
26  0.0606403
27  0.0676512
28  0.0781763
29  0.0935661
30  0.116423
31  0.147879
32  0.189477
33  0.237062
34  0.281014
35  0.315028

9  #IVarray
#nbElt 36
0  0.0683886
1  0.123829
2  0.211716
3  0.290795
4  0.325402
5  0.340039
6  0.345468
7  0.339864
8  0.322913
9  0.296397
10  0.260598
11  0.217172
12  0.176769
13  0.145594
14  0.118901
15  0.100431
16  0.0935999
17  0.0913244
18  0.0869258
19  0.0859948
20  0.0944249
21  0.110991
22  0.124942
23  0.125475
24  0.117134
25  0.118028
26  0.138555
27  0.177258
28  0.226379
29  0.269631
30  0.296181
31  0.309366
32  0.324127
33  0.344225
34  0.364071
35  0.383553

10  #IVarray
#nbElt 36
0  0.0318941
1  0.0472036
2  0.0662374
3  0.0842775
4  0.0943577
5  0.103273
6  0.116818
7  0.132706
8  0.138753
9  0.134534
10  0.124217
11  0.109765
12  0.0932516
13  0.07561
14  0.0584489
15  0.0439164
16  0.0336442
17  0.0263428
18  0.0210857
19  0.0181693
20  0.0170437
21  0.0167312
22  0.0165714
23  0.0166807
24  0.0171616
25  0.017811
26  0.0185094
27  0.0191353
28  0.0193408
29  0.0188641
30  0.0179575
31  0.0174253
32  0.0175732
33  0.0181799
34  0.0188017
35  0.0195898

11  #IVarray
#nbElt 36
0  0.0700118
1  0.134481
2  0.246608
3  0.364248
4  0.421497
5  0.451111
6  0.481434
7  0.517869
8  0.552598
9  0.572545
10  0.568315
11  0.544459
12  0.508437
13  0.463233
14  0.405365
15  0.344786
16  0.297413
17  0.256673
18  0.214689
19  0.18488
20  0.170565
21  0.162589
22  0.153028
23  0.145417
24  0.145832
25  0.154936
26  0.168296
27  0.180181
28  0.188125
29  0.188591
30  0.180659
31  0.171965
32  0.17136
33  0.177334
34  0.184836
35  0.19446

12  #IVarray
#nbElt 36
0  0.016672
1  0.0224424
2  0.028791
3  0.033636
4  0.0364257
5  0.0400614
6  0.0464997
7  0.0563508
8  0.0726127
9  0.0952701
10  0.112294
11  0.113431
12  0.0961954
13  0.0709188
14  0.0488846
15  0.0335143
16  0.0242215
17  0.0186256
18  0.0152117
19  0.0133476
20  0.0122481
21  0.011631
22  0.0113169
23  0.0110037
24  0.0109714
25  0.0109131
26  0.0110083
27  0.011079
28  0.0110353
29  0.0109821
30  0.0107713
31  0.0107164
32  0.011033
33  0.0119152
34  0.0130987
35  0.0145061

13  #IVarray
#nbElt 36
0  0.0723199
1  0.140487
2  0.270964
3  0.416514
4  0.48966
5  0.521201
6  0.542815
7  0.558059
8  0.559738
9  0.550528
10  0.532299
11  0.505359
12  0.472118
13  0.430137
14  0.371985
15  0.313395
16  0.278154
17  0.254562
18  0.223818
19  0.202264
20  0.198817
21  0.201114
22  0.198254
23  0.194963
24  0.200214
25  0.217205
26  0.241526
27  0.264271
28  0.277862
29  0.274185
30  0.254761
31  0.237341
32  0.234253
33  0.243543
34  0.258352
35  0.277027

14  #IVarray
#nbElt 36
0  0.0458534
1  0.0725621
2  0.104181
3  0.127666
4  0.140012
5  0.152243
6  0.169644
7  0.195593
8  0.236808
9  0.296749
10  0.36365
11  0.420103
12  0.444958
13  0.425735
14  0.374057
15  0.308679
16  0.246096
17  0.190233
18  0.143278
19  0.11009
20  0.0882806
21  0.0735242
22  0.0623125
23  0.054863
24  0.0512788
25  0.0496061
26  0.0489961
27  0.0496086
28  0.0515515
29  0.0534143
30  0.0543596
31  0.0540201
32  0.0526415
33  0.0514356
34  0.0529414
35  0.058336

15  #IVarray
#nbElt 36
0  0.0475619
1  0.0679454
2  0.0897111
3  0.102722
4  0.108393
5  0.114231
6  0.122692
7  0.136075
8  0.158108
9  0.195233
10  0.246476
11  0.300903
12  0.352968
13  0.387943
14  0.399194
15  0.392413
16  0.375782
17  0.350494
18  0.316736
19  0.28121
20  0.243096
21  0.203077
22  0.162849
23  0.131144
24  0.111841
25  0.101254
26  0.0941778
27  0.0882301
28  0.0846277
29  0.0848209
30  0.0884073
31  0.0945464
32  0.102038
33  0.106604
34  0.105655
35  0.104113

16  #IVarray
#nbElt 36
0  0.0938042
1  0.172548
2  0.334666
3  0.54545
4  0.656291
5  0.690949
6  0.710591
7  0.725094
8  0.732767
9  0.732997
10  0.729737
11  0.72487
12  0.718879
13  0.708381
14  0.684365
15  0.651682
16  0.632928
17  0.621797
18  0.598458
19  0.582719
20  0.585592
21  0.595869
22  0.597038
23  0.594132
24  0.598119
25  0.611693
26  0.631281
27  0.649244
28  0.660482
29  0.658346
30  0.643708
31  0.628925
32  0.624279
33  0.62887
34  0.638289
35  0.653024

17  #IVarray
#nbElt 36
0  0.102469
1  0.183731
2  0.348281
3  0.54536
4  0.634667
5  0.651327
6  0.652658
7  0.650986
8  0.648087
9  0.642231
10  0.634302
11  0.625318
12  0.615414
13  0.604311
14  0.586523
15  0.565305
16  0.561969
17  0.576962
18  0.591266
19  0.617095
20  0.669581
21  0.736587
22  0.784694
23  0.807966
24  0.817428
25  0.821262
26  0.824476
27  0.826238
28  0.826589
29  0.824968
30  0.823297
31  0.822522
32  0.824224
33  0.825253
34  0.824399
35  0.825938

18  #IVarray
#nbElt 36
0  0.0943109
1  0.166009
2  0.30923
3  0.480562
4  0.562934
5  0.589235
6  0.606412
7  0.62737
8  0.655643
9  0.681919
10  0.700001
11  0.711427
12  0.718826
13  0.729396
14  0.737768
15  0.733568
16  0.720648
17  0.700581
18  0.672343
19  0.640045
20  0.59672
21  0.546156
22  0.49529
23  0.458251
24  0.437517
25  0.426801
26  0.420129
27  0.416037
28  0.419104
29  0.4308
30  0.446604
31  0.46066
32  0.471248
33  0.472626
34  0.467018
35  0.467338

19  #IVarray
#nbElt 36
0  0.080697
1  0.15447
2  0.30156
3  0.467689
4  0.538326
5  0.554385
6  0.557738
7  0.559435
8  0.561597
9  0.561674
10  0.561052
11  0.560802
12  0.560128
13  0.559118
14  0.556806
15  0.552971
16  0.556447
17  0.56973
18  0.591731
19  0.633904
20  0.690513
21  0.744101
22  0.778318
23  0.796296
24  0.805978
25  0.8129
26  0.820759
27  0.827589
28  0.832012
29  0.833452
30  0.836101
31  0.841111
32  0.848037
33  0.853503
34  0.85461
35  0.856158

20  #IVarray
#nbElt 36
0  0.0864103
1  0.148132
2  0.247353
3  0.32578
4  0.345477
5  0.348089
6  0.350031
7  0.354615
8  0.363312
9  0.379442
10  0.414192
11  0.475225
12  0.555498
13  0.621985
14  0.657912
15  0.670705
16  0.676195
17  0.681029
18  0.68406
19  0.684797
20  0.671152
21  0.647008
22  0.617867
23  0.595581
24  0.582708
25  0.576196
26  0.572337
27  0.570543
28  0.574346
29  0.583936
30  0.59559
31  0.6057
32  0.613675
33  0.61538
34  0.61108
35  0.611716

21  #IVarray
#nbElt 36
0  0.0529842
1  0.0756108
2  0.100494
3  0.112378
4  0.114233
5  0.115064
6  0.116081
7  0.117141
8  0.11849
9  0.11892
10  0.119117
11  0.120132
12  0.124918
13  0.140085
14  0.158569
15  0.17032
16  0.18192
17  0.206071
18  0.256196
19  0.336055
20  0.419782
21  0.481607
22  0.515063
23  0.529753
24  0.534852
25  0.536243
26  0.537169
27  0.53734
28  0.536247
29  0.53423
30  0.53191
31  0.530136
32  0.529655
33  0.529351
34  0.528292
35  0.529086

22  #IVarray
#nbElt 36
0  0.0717937
1  0.105055
2  0.143783
3  0.165892
4  0.170797
5  0.173771
6  0.178745
7  0.188536
8  0.206632
9  0.235049
10  0.269259
11  0.297923
12  0.315464
13  0.314641
14  0.28675
15  0.250746
16  0.238498
17  0.24597
18  0.24734
19  0.260027
20  0.316051
21  0.405069
22  0.483951
23  0.532544
24  0.557365
25  0.569454
26  0.576548
27  0.581091
28  0.584235
29  0.586538
30  0.588217
31  0.589988
32  0.593054
33  0.595505
34  0.596078
35  0.597897

23  #IVarray
#nbElt 36
0  0.0350028
1  0.049575
2  0.0640132
3  0.0728401
4  0.0769669
5  0.0806182
6  0.0863663
7  0.0953299
8  0.110659
9  0.140379
10  0.187005
11  0.24165
12  0.298476
13  0.335255
14  0.339976
15  0.316792
16  0.275882
17  0.226867
18  0.178408
19  0.139433
20  0.108821
21  0.0838717
22  0.0633935
23  0.0494335
24  0.0418385
25  0.037854
26  0.0353948
27  0.0335071
28  0.0322931
29  0.0321417
30  0.0330639
31  0.0346554
32  0.0367138
33  0.0379804
34  0.0380141
35  0.0382488

24  #IVarray
#nbElt 36
0  0.0207157
1  0.0238298
2  0.0252633
3  0.0259045
4  0.0260855
5  0.0261046
6  0.0261363
7  0.0261128
8  0.026316
9  0.0264552
10  0.0267647
11  0.0275248
12  0.0294668
13  0.0346593
14  0.040642
15  0.0437598
16  0.0456854
17  0.0489056
18  0.0560643
19  0.0697189
20  0.0882322
21  0.106353
22  0.118886
23  0.125122
24  0.127329
25  0.127781
26  0.127788
27  0.127673
28  0.127588
29  0.12764
30  0.127659
31  0.127886
32  0.128287
33  0.128492
34  0.127795
35  0.126979

25  #IVarray
#nbElt 36
0  0.0203734
1  0.0217969
2  0.0223788
3  0.0228748
4  0.0225672
5  0.0225958
6  0.0231965
7  0.024105
8  0.0248031
9  0.0259034
10  0.0276263
11  0.0305846
12  0.0383038
13  0.0628218
14  0.101528
15  0.129854
16  0.146785
17  0.171392
18  0.224121
19  0.317522
20  0.432392
21  0.528772
22  0.573853
23  0.57952
24  0.574602
25  0.570411
26  0.567384
27  0.56579
28  0.57145
29  0.586653
30  0.606838
31  0.625991
32  0.64164
33  0.647327
34  0.643973
35  0.645264

26  #IVarray
#nbElt 36
0  0.0253479
1  0.0406013
2  0.063324
3  0.101861
4  0.151659
5  0.193946
6  0.235796
7  0.267313
8  0.26049
9  0.225721
10  0.179057
11  0.128837
12  0.0861503
13  0.0572472
14  0.0375369
15  0.0258199
16  0.0199511
17  0.0163787
18  0.0138462
19  0.0124412
20  0.0118387
21  0.0116149
22  0.0114151
23  0.0114439
24  0.0117814
25  0.0126973
26  0.0141026
27  0.0158934
28  0.0173789
29  0.0170619
30  0.015267
31  0.0141102
32  0.014144
33  0.0154384
34  0.017579
35  0.0205904

27  #IVarray
#nbElt 36
0  0.116922
1  0.201276
2  0.377124
3  0.632395
4  0.80476
5  0.861262
6  0.877183
7  0.884656
8  0.890804
9  0.893853
10  0.896402
11  0.899651
12  0.901068
13  0.901393
14  0.902424
15  0.901473
16  0.902196
17  0.90255
18  0.899112
19  0.899233
20  0.895875
21  0.894089
22  0.892266
23  0.891374
24  0.890831
25  0.891105
26  0.893359
27  0.895928
28  0.897251
29  0.895774
30  0.893361
31  0.891996
32  0.892815
33  0.893307
34  0.893601
35  0.89811

28  #IVarray
#nbElt 36
0  0.00583062
1  0.00698891
2  0.00664328
3  0.00625213
4  0.00657513
5  0.00663156
6  0.00673011
7  0.00687628
8  0.00667802
9  0.00672008
10  0.00673776
11  0.00673077
12  0.00683505
13  0.00688723
14  0.00686695
15  0.0069353
16  0.00698406
17  0.00700336
18  0.00703193
19  0.00712384
20  0.00716005
21  0.00713707
22  0.00706371
23  0.00705783
24  0.00695199
25  0.0069323
26  0.00688729
27  0.00683018
28  0.00677827
29  0.00680805
30  0.00679879
31  0.00671864
32  0.00668062
33  0.00671951
34  0.00660273
35  0.00657742

29  #IVarray
#nbElt 36
0  0.0852735
1  0.143775
2  0.232022
3  0.297752
4  0.311628
5  0.311917
6  0.313521
7  0.315583
8  0.319526
9  0.324762
10  0.325481
11  0.319466
12  0.321224
13  0.344631
14  0.360642
15  0.356043
16  0.366583
17  0.424884
18  0.520621
19  0.594996
20  0.627134
21  0.648016
22  0.67189
23  0.696318
24  0.713128
25  0.723305
26  0.731077
27  0.737001
28  0.741237
29  0.742972
30  0.743953
31  0.745651
32  0.749355
33  0.75272
34  0.754645
35  0.758685

30  #IVarray
#nbElt 36
0  0.0799302
1  0.135571
2  0.2137
3  0.267135
4  0.273634
5  0.269727
6  0.268297
7  0.267377
8  0.26891
9  0.274153
10  0.272848
11  0.26151
12  0.256986
13  0.268709
14  0.269157
15  0.256389
16  0.265564
17  0.329537
18  0.447839
19  0.551868
20  0.600029
21  0.62831
22  0.661145
23  0.695899
24  0.720285
25  0.734374
26  0.744375
27  0.751182
28  0.755726
29  0.757566
30  0.75832
31  0.759737
32  0.763244
33  0.766578
34  0.76816
35  0.771527

31  #IVarray
#nbElt 36
0  0.0133861
1  0.0137657
2  0.0144342
3  0.0152507
4  0.0152333
5  0.0155209
6  0.0160184
7  0.0175753
8  0.0199525
9  0.0248845
10  0.0318176
11  0.038567
12  0.0444526
13  0.0506494
14  0.0544221
15  0.0520802
16  0.0457841
17  0.0379575
18  0.030135
19  0.0239063
20  0.0193277
21  0.0159886
22  0.0136171
23  0.0122512
24  0.0114915
25  0.011126
26  0.0110336
27  0.0110369
28  0.0110263
29  0.0111127
30  0.0113062
31  0.0115382
32  0.0117806
33  0.0119285
34  0.0119348
35  0.0120978

32  #IVarray
#nbElt 36
0  0.0564597
1  0.0828036
2  0.112635
3  0.12987
4  0.13566
5  0.141223
6  0.150488
7  0.165598
8  0.19085
9  0.228113
10  0.269904
11  0.300606
12  0.314434
13  0.306793
14  0.27141
15  0.230552
16  0.217085
17  0.22468
18  0.225322
19  0.237242
20  0.294049
21  0.383023
22  0.458004
23  0.502755
24  0.528696
25  0.548025
26  0.567984
27  0.589682
28  0.613814
29  0.640132
30  0.670454
31  0.70478
32  0.741765
33  0.77421
34  0.796997
35  0.813466

33  #IVarray
#nbElt 36
0  0.0640728
1  0.112238
2  0.182101
3  0.250754
4  0.305216
5  0.340579
6  0.359326
7  0.362555
8  0.350809
9  0.321576
10  0.276998
11  0.223509
12  0.172436
13  0.132891
14  0.103563
15  0.0836608
16  0.0720544
17  0.0644756
18  0.0582645
19  0.054378
20  0.0528513
21  0.0529061
22  0.0532742
23  0.05343
24  0.0536955
25  0.0558606
26  0.0614864
27  0.070556
28  0.0834682
29  0.101271
30  0.126268
31  0.15979
32  0.203374
33  0.25327
34  0.300862
35  0.340058

34  #IVarray
#nbElt 36
0  0.0213158
1  0.023083
2  0.0248852
3  0.0252117
4  0.0258892
5  0.0273814
6  0.0298537
7  0.0346417
8  0.0440719
9  0.0618843
10  0.0946405
11  0.147638
12  0.218338
13  0.277719
14  0.304077
15  0.30336
16  0.288785
17  0.266069
18  0.237891
19  0.207423
20  0.171136
21  0.132659
22  0.0997225
23  0.0790176
24  0.068216
25  0.0626221
26  0.0589267
27  0.0562742
28  0.0555643
29  0.0574086
30  0.0612021
31  0.0658975
32  0.0707267
33  0.0732357
34  0.072343
35  0.0723055

35  #IVarray
#nbElt 36
0  0.0885634
1  0.162347
2  0.304131
3  0.462346
4  0.527327
5  0.54226
6  0.546991
7  0.549647
8  0.551769
9  0.551825
10  0.551672
11  0.551904
12  0.551061
13  0.549915
14  0.549284
15  0.547556
16  0.547592
17  0.548476
18  0.548723
19  0.552539
20  0.554117
21  0.555353
22  0.555375
23  0.554899
24  0.553726
25  0.552457
26  0.552331
27  0.552267
28  0.55158
29  0.54976
30  0.547233
31  0.545147
32  0.544573
33  0.543893
34  0.542231
35  0.542779

36  #IVarray
#nbElt 36
0  0.0368355
1  0.0489149
2  0.0588036
3  0.063626
4  0.0645068
5  0.065767
6  0.0674334
7  0.0678783
8  0.0673007
9  0.0663868
10  0.0655876
11  0.0651442
12  0.0651552
13  0.0652329
14  0.0654742
15  0.0653716
16  0.0652922
17  0.0653465
18  0.0654286
19  0.0661965
20  0.0665503
21  0.0664598
22  0.0659262
23  0.0651561
24  0.0640891
25  0.0630589
26  0.0621784
27  0.0614818
28  0.0606567
29  0.059729
30  0.0587441
31  0.0579212
32  0.0572006
33  0.0565407
34  0.0558513
35  0.0555769

37  #IVarray
#nbElt 36
0  0.0548514
1  0.0790269
2  0.107358
3  0.124912
4  0.131006
5  0.13645
6  0.143511
7  0.153777
8  0.169417
9  0.190116
10  0.214228
11  0.236653
12  0.255007
13  0.266445
14  0.271136
15  0.273903
16  0.279711
17  0.285057
18  0.285332
19  0.288222
20  0.320466
21  0.388891
22  0.443837
23  0.4717
24  0.487106
25  0.498341
26  0.508861
27  0.518157
28  0.526004
29  0.532299
30  0.537809
31  0.54371
32  0.551129
33  0.557925
34  0.562881
35  0.56876

38  #IVarray
#nbElt 36
0  0.0583655
1  0.0888381
2  0.12572
3  0.153062
4  0.16777
5  0.184925
6  0.207873
7  0.226628
8  0.233585
9  0.234356
10  0.23531
11  0.238829
12  0.246008
13  0.258429
14  0.27243
15  0.282505
16  0.292837
17  0.309169
18  0.325732
19  0.331456
20  0.32671
21  0.333948
22  0.373029
23  0.438706
24  0.49977
25  0.538168
26  0.55927
27  0.572803
28  0.586553
29  0.602634
30  0.620576
31  0.638229
32  0.654765
33  0.666263
34  0.672115
35  0.680652

39  #IVarray
#nbElt 36
0  0.049991
1  0.0766137
2  0.108237
3  0.129773
4  0.140719
5  0.150809
6  0.163875
7  0.184523
8  0.219693
9  0.269643
10  0.325288
11  0.376955
12  0.415083
13  0.431151
14  0.42632
15  0.403981
16  0.369882
17  0.327762
18  0.282354
19  0.239752
20  0.19842
21  0.160679
22  0.130297
23  0.111584
24  0.101827
25  0.0967678
26  0.093403
27  0.0909816
28  0.0910485
29  0.0943558
30  0.10012
31  0.106238
32  0.111146
33  0.112143
34  0.109817
35  0.109753

40  #IVarray
#nbElt 36
0  0.0625052
1  0.113001
2  0.189289
3  0.252059
4  0.274315
5  0.282716
6  0.288504
7  0.291616
8  0.291398
9  0.286055
10  0.276152
11  0.261499
12  0.24057
13  0.216579
14  0.193076
15  0.171421
16  0.154095
17  0.141331
18  0.131579
19  0.123881
20  0.11666
21  0.11119
22  0.107354
23  0.105711
24  0.106367
25  0.109105
26  0.114324
27  0.122427
28  0.13375
29  0.146804
30  0.160156
31  0.172341
32  0.18186
33  0.189629
34  0.201114
35  0.218273

41  #IVarray
#nbElt 36
0  0.0477702
1  0.0644317
2  0.0809251
3  0.0872065
4  0.0872697
5  0.0864987
6  0.0858612
7  0.0852695
8  0.0833906
9  0.0799534
10  0.0758931
11  0.0719812
12  0.067452
13  0.0624804
14  0.0581601
15  0.0562615
16  0.0565459
17  0.057628
18  0.0595857
19  0.0698504
20  0.119502
21  0.232908
22  0.369196
23  0.470938
24  0.525461
25  0.548601
26  0.557322
27  0.55978
28  0.559522
29  0.557482
30  0.554709
31  0.552272
32  0.551226
33  0.550146
34  0.548302
35  0.548278

42  #IVarray
#nbElt 36
0  0.0160501
1  0.016677
2  0.0168289
3  0.0165145
4  0.0163236
5  0.0165946
6  0.0167288
7  0.0170379
8  0.0169339
9  0.0165526
10  0.0159823
11  0.0155424
12  0.0151275
13  0.0145479
14  0.0139241
15  0.0137927
16  0.0141693
17  0.0152961
18  0.0172309
19  0.0218957
20  0.0381717
21  0.0856119
22  0.181368
23  0.31384
24  0.449935
25  0.550504
26  0.606462
27  0.633457
28  0.646977
29  0.653926
30  0.660129
31  0.667738
32  0.677095
33  0.685931
34  0.691932
35  0.697879

43  #IVarray
#nbElt 36
0  0.0788146
1  0.137659
2  0.22728
3  0.299876
4  0.324391
5  0.33255
6  0.338968
7  0.343178
8  0.344747
9  0.344076
10  0.343364
11  0.342973
12  0.342265
13  0.341606
14  0.340851
15  0.339216
16  0.339139
17  0.340018
18  0.339766
19  0.341124
20  0.341621
21  0.342676
22  0.342972
23  0.341982
24  0.339649
25  0.337823
26  0.338176
27  0.33916
28  0.339461
29  0.338565
30  0.336934
31  0.335255
32  0.334484
33  0.333582
34  0.331973
35  0.332283

44  #IVarray
#nbElt 36
0  0.0525292
1  0.0733721
2  0.0964969
3  0.109327
4  0.112642
5  0.114797
6  0.117104
7  0.118328
8  0.117824
9  0.116583
10  0.11563
11  0.115163
12  0.114994
13  0.115132
14  0.115221
15  0.114989
16  0.114818
17  0.114868
18  0.114971
19  0.115956
20  0.116328
21  0.116364
22  0.115667
23  0.114508
24  0.113036
25  0.111713
26  0.110651
27  0.109354
28  0.10818
29  0.106954
30  0.105404
31  0.104014
32  0.102901
33  0.101794
34  0.100593
35  0.100146

45  #IVarray
#nbElt 36
0  0.0277975
1  0.0303817
2  0.0325214
3  0.0351205
4  0.0383368
5  0.0438916
6  0.0517659
7  0.0577299
8  0.0592666
9  0.0597869
10  0.0612666
11  0.0644582
12  0.0704962
13  0.0800063
14  0.0916451
15  0.103646
16  0.115431
17  0.127909
18  0.139397
19  0.144571
20  0.142789
21  0.145032
22  0.163382
23  0.199276
24  0.237416
25  0.263334
26  0.27722
27  0.284373
28  0.288706
29  0.292024
30  0.29548
31  0.299889
32  0.306227
33  0.313092
34  0.318675
35  0.324022

46  #IVarray
#nbElt 36
0  0.0629969
1  0.0995012
2  0.144675
3  0.174275
4  0.184678
5  0.192084
6  0.201473
7  0.213161
8  0.227695
9  0.244536
10  0.26207
11  0.276563
12  0.286112
13  0.288913
14  0.286589
15  0.284513
16  0.285838
17  0.283821
18  0.273911
19  0.267901
20  0.300081
21  0.385168
22  0.461464
23  0.499276
24  0.516329
25  0.52628
26  0.534477
27  0.541596
28  0.547774
29  0.552448
30  0.556537
31  0.560836
32  0.566494
33  0.572012
34  0.576125
35  0.581519

47  #IVarray
#nbElt 36
0  0.0398468
1  0.0532576
2  0.0666755
3  0.0724639
4  0.0740505
5  0.0753095
6  0.078246
7  0.0825726
8  0.0878155
9  0.0935951
10  0.0998152
11  0.106266
12  0.122481
13  0.180749
14  0.29324
15  0.398008
16  0.437493
17  0.421491
18  0.379125
19  0.332462
20  0.284614
21  0.23684
22  0.191101
23  0.156401
24  0.135582
25  0.12399
26  0.116265
27  0.109648
28  0.105135
29  0.104313
30  0.106848
31  0.111922
32  0.118814
33  0.123446
34  0.123252
35  0.121391

48  #IVarray
#nbElt 36
0  0.0220056
1  0.0252234
2  0.027364
3  0.0275725
4  0.0275991
5  0.0279748
6  0.0285332
7  0.0293964
8  0.0301974
9  0.0311394
10  0.0325412
11  0.0351245
12  0.0428442
13  0.0689982
14  0.11342
15  0.14438
16  0.148854
17  0.138369
18  0.121825
19  0.106161
20  0.0936797
21  0.0851078
22  0.0781353
23  0.0728722
24  0.0699851
25  0.0685011
26  0.0681043
27  0.069019
28  0.0707462
29  0.0710811
30  0.0691741
31  0.0662844
32  0.0632405
33  0.0615191
34  0.063152
35  0.0679092

49  #IVarray
#nbElt 36
0  0.0465757
1  0.0762499
2  0.113203
3  0.144944
4  0.16013
5  0.152947
6  0.132409
7  0.108264
8  0.0848585
9  0.0660373
10  0.05282
11  0.0428027
12  0.0350041
13  0.0305514
14  0.0275311
15  0.024646
16  0.0230805
17  0.0232347
18  0.0237986
19  0.0234383
20  0.0225163
21  0.0235216
22  0.0292928
23  0.043011
24  0.0638147
25  0.0859775
26  0.108038
27  0.1326
28  0.162117
29  0.194765
30  0.230121
31  0.266267
32  0.300987
33  0.332461
34  0.365081
35  0.401779

50  #IVarray
#nbElt 36
0  0.0225836
1  0.020321
2  0.0196932
3  0.020321
4  0.0200411
5  0.0207715
6  0.0226104
7  0.0269286
8  0.0361794
9  0.054713
10  0.0871014
11  0.136509
12  0.214191
13  0.325396
14  0.441791
15  0.52519
16  0.571711
17  0.599311
18  0.621309
19  0.647387
20  0.669121
21  0.685885
22  0.695764
23  0.700939
24  0.704
25  0.707117
26  0.711425
27  0.714849
28  0.717636
29  0.720327
30  0.724833
31  0.731919
32  0.741442
33  0.749106
34  0.752368
35  0.755701

51  #IVarray
#nbElt 36
0  0.0579314
1  0.0922635
2  0.133971
3  0.16156
4  0.169129
5  0.172256
6  0.175084
7  0.176737
8  0.177027
9  0.176063
10  0.175363
11  0.175254
12  0.175263
13  0.175844
14  0.176338
15  0.176297
16  0.176539
17  0.176937
18  0.177274
19  0.179043
20  0.179865
21  0.180159
22  0.179681
23  0.178742
24  0.177288
25  0.175873
26  0.174579
27  0.173336
28  0.171964
29  0.170244
30  0.168437
31  0.166775
32  0.165647
33  0.164434
34  0.16294
35  0.162438

52  #IVarray
#nbElt 36
0  0.0765589
1  0.131332
2  0.206065
3  0.262174
4  0.278973
5  0.283786
6  0.286947
7  0.288793
8  0.28892
9  0.287414
10  0.286257
11  0.285641
12  0.284847
13  0.284408
14  0.284302
15  0.283368
16  0.283266
17  0.283536
18  0.283726
19  0.286093
20  0.287122
21  0.287438
22  0.286625
23  0.285354
24  0.283247
25  0.281024
26  0.279519
27  0.278015
28  0.27601
29  0.273609
30  0.270933
31  0.268608
32  0.266954
33  0.265194
34  0.263055
35  0.262471

53  #IVarray
#nbElt 36
0  0.066221
1  0.1038
2  0.151675
3  0.18395
4  0.196727
5  0.207169
6  0.221069
7  0.236868
8  0.253998
9  0.272356
10  0.289784
11  0.303504
12  0.314939
13  0.321366
14  0.314399
15  0.298586
16  0.297146
17  0.310443
18  0.31652
19  0.33194
20  0.381729
21  0.446176
22  0.489815
23  0.510193
24  0.518564
25  0.522566
26  0.525527
27  0.527843
28  0.530725
29  0.534597
30  0.538915
31  0.543164
32  0.548196
33  0.551446
34  0.551892
35  0.554459

54  #IVarray
#nbElt 36
0  0.0636559
1  0.0991448
2  0.141294
3  0.167588
4  0.175228
5  0.18031
6  0.186932
7  0.197497
8  0.214585
9  0.237856
10  0.263282
11  0.284049
12  0.297952
13  0.301428
14  0.287503
15  0.266051
16  0.261609
17  0.272119
18  0.275919
19  0.288991
20  0.335924
21  0.405824
22  0.463058
23  0.49611
24  0.514058
25  0.525251
26  0.533959
27  0.541178
28  0.546894
29  0.550846
30  0.554337
31  0.557841
32  0.562793
33  0.56733
34  0.570256
35  0.574303

55  #IVarray
#nbElt 36
0  0.0123194
1  0.0116298
2  0.0122429
3  0.0127056
4  0.0132975
5  0.014305
6  0.016226
7  0.0195617
8  0.0263645
9  0.0390474
10  0.0584345
11  0.0828936
12  0.117905
13  0.185247
14  0.28189
15  0.342036
16  0.333792
17  0.285825
18  0.226927
19  0.175766
20  0.133427
21  0.0982368
22  0.0702182
23  0.0522378
24  0.0428696
25  0.0381755
26  0.0353367
27  0.0331796
28  0.0319131
29  0.0319748
30  0.0332224
31  0.0355376
32  0.0383838
33  0.0404467
34  0.0401048
35  0.0397657

56  #IVarray
#nbElt 36
0  0.0753091
1  0.13937
2  0.245275
3  0.341985
4  0.375295
5  0.38173
6  0.381238
7  0.374828
8  0.361638
9  0.342281
10  0.318308
11  0.288926
12  0.257879
13  0.23134
14  0.205642
15  0.183806
16  0.172994
17  0.168688
18  0.162524
19  0.157743
20  0.159964
21  0.169762
22  0.180741
23  0.185625
24  0.185818
25  0.193176
26  0.215306
27  0.247463
28  0.278989
29  0.295316
30  0.292623
31  0.283717
32  0.281441
33  0.287272
34  0.298588
35  0.314552

57  #IVarray
#nbElt 36
0  0.021537
1  0.0241922
2  0.0268906
3  0.0279717
4  0.0288138
5  0.0299916
6  0.0329574
7  0.0387989
8  0.0510254
9  0.0736475
10  0.111357
11  0.166306
12  0.24655
13  0.350441
14  0.443895
15  0.493911
16  0.507483
17  0.501486
18  0.483602
19  0.460671
20  0.428674
21  0.389365
22  0.348472
23  0.318281
24  0.301261
25  0.292133
26  0.286273
27  0.282328
28  0.284191
29  0.29328
30  0.306495
31  0.319587
32  0.3311
33  0.33531
34  0.331111
35  0.329003

58  #IVarray
#nbElt 36
0  0.071299
1  0.126212
2  0.217822
3  0.293487
4  0.312261
5  0.304812
6  0.285098
7  0.259157
8  0.230628
9  0.20285
10  0.174753
11  0.148413
12  0.127548
13  0.109958
14  0.0888902
15  0.0704789
16  0.0644799
17  0.0670387
18  0.0672536
19  0.0727799
20  0.103873
21  0.168054
22  0.255625
23  0.363058
24  0.484235
25  0.597055
26  0.684683
27  0.741765
28  0.77534
29  0.792629
30  0.802373
31  0.810045
32  0.819955
33  0.82737
34  0.828677
35  0.828406

59  #IVarray
#nbElt 36
0  0.044527
1  0.0600216
2  0.0746759
3  0.0823698
4  0.0847893
5  0.0865189
6  0.0883261
7  0.0894173
8  0.089062
9  0.087957
10  0.0869874
11  0.0865844
12  0.0865587
13  0.086706
14  0.0869838
15  0.0869035
16  0.0868687
17  0.0869421
18  0.0871986
19  0.0881221
20  0.0886354
21  0.0886211
22  0.0881016
23  0.0871089
24  0.0858653
25  0.0845903
26  0.0836009
27  0.0826595
28  0.0815583
29  0.0803482
30  0.0792085
31  0.0781337
32  0.0772262
33  0.0763743
34  0.0751719
35  0.0746256

60  #IVarray
#nbElt 36
0  0.0827255
1  0.153312
2  0.280696
3  0.40995
4  0.459032
5  0.470171
6  0.474822
7  0.477333
8  0.479446
9  0.479447
10  0.479264
11  0.479352
12  0.478546
13  0.477672
14  0.476999
15  0.47528
16  0.475366
17  0.476267
18  0.476518
19  0.479727
20  0.481059
21  0.482178
22  0.48222
23  0.481909
24  0.480661
25  0.479469
26  0.479406
27  0.479402
28  0.478839
29  0.477184
30  0.475106
31  0.473188
32  0.472571
33  0.471979
34  0.470101
35  0.469902

61  #IVarray
#nbElt 36
0  0.0215303
1  0.022728
2  0.0238387
3  0.0250575
4  0.0270101
5  0.0301414
6  0.0345193
7  0.037282
8  0.0379524
9  0.0388122
10  0.0401743
11  0.0425819
12  0.0464987
13  0.0522137
14  0.0590443
15  0.0668411
16  0.0771192
17  0.0945029
18  0.126962
19  0.175958
20  0.222888
21  0.250738
22  0.257561
23  0.255037
24  0.255757
25  0.26381
26  0.275969
27  0.286465
28  0.29219
29  0.289713
30  0.279575
31  0.27106
32  0.272192
33  0.282488
34  0.29684
35  0.31349

62  #IVarray
#nbElt 36
0  0.0256533
1  0.0281894
2  0.0301973
3  0.0301502
4  0.0290909
5  0.0281845
6  0.0280855
7  0.0278747
8  0.0285115
9  0.0295442
10  0.0310805
11  0.0325833
12  0.0351341
13  0.0411796
14  0.0523027
15  0.0658869
16  0.0767492
17  0.0839442
18  0.0884095
19  0.0884916
20  0.0853686
21  0.0867623
22  0.101002
23  0.130754
24  0.165753
25  0.192962
26  0.209458
27  0.218098
28  0.222433
29  0.223998
30  0.224109
31  0.223933
32  0.224111
33  0.224315
34  0.223687
35  0.223651

63  #IVarray
#nbElt 36
0  0.0209424
1  0.0250915
2  0.0289118
3  0.0308798
4  0.0322686
5  0.0348029
6  0.0387028
7  0.0456577
8  0.0596015
9  0.0853408
10  0.127532
11  0.18673
12  0.269631
13  0.366617
14  0.43675
15  0.454969
16  0.435927
17  0.395776
18  0.343523
19  0.290692
20  0.238225
21  0.187134
22  0.140154
23  0.10607
24  0.0866262
25  0.0765582
26  0.0700483
27  0.0647767
28  0.0618276
29  0.0623607
30  0.0660745
31  0.0720941
32  0.0793492
33  0.0838232
34  0.0831724
35  0.0817596

64  #IVarray
#nbElt 36
0  0.0689736
1  0.117274
2  0.187052
3  0.245332
4  0.272125
5  0.290423
6  0.31032
7  0.339226
8  0.382745
9  0.434589
10  0.479878
11  0.511238
12  0.526231
13  0.526728
14  0.517178
15  0.49788
16  0.471172
17  0.43629
18  0.394653
19  0.352161
20  0.306473
21  0.260106
22  0.218753
23  0.191247
24  0.176638
25  0.169159
26  0.164457
27  0.161313
28  0.162696
29  0.169725
30  0.180188
31  0.190527
32  0.199066
33  0.201232
34  0.197036
35  0.195441

65  #IVarray
#nbElt 36
0  0.0257139
1  0.0289226
2  0.0315075
3  0.031852
4  0.0314025
5  0.031367
6  0.0319847
7  0.033058
8  0.0341384
9  0.0353285
10  0.037369
11  0.0408957
12  0.0512065
13  0.0911983
14  0.179664
15  0.283286
16  0.353545
17  0.391024
18  0.422246
19  0.46309
20  0.505771
21  0.542352
22  0.566223
23  0.579048
24  0.584871
25  0.587816
26  0.59097
27  0.593626
28  0.596098
29  0.597896
30  0.599625
31  0.60165
32  0.605453
33  0.608358
34  0.607121
35  0.605225

66  #IVarray
#nbElt 36
0  0.0545473
1  0.0940452
2  0.152744
3  0.205799
4  0.233923
5  0.257775
6  0.290613
7  0.326116
8  0.361839
9  0.39304
10  0.407852
11  0.406083
12  0.386851
13  0.351743
14  0.305382
15  0.253131
16  0.202994
17  0.157345
18  0.118127
19  0.0903798
20  0.072974
21  0.0621349
22  0.0540138
23  0.0483879
24  0.0456707
25  0.0444064
26  0.044199
27  0.0452846
28  0.0473026
29  0.0485104
30  0.0477199
31  0.0457069
32  0.0430628
33  0.0416767
34  0.0436416
35  0.0490814

67  #IVarray
#nbElt 36
0  0.0192574
1  0.0219164
2  0.0240645
3  0.0250696
4  0.0255061
5  0.0258151
6  0.0259797
7  0.025877
8  0.0255347
9  0.0253053
10  0.0250287
11  0.0249614
12  0.0248846
13  0.0248031
14  0.024777
15  0.0245354
16  0.0244313
17  0.0242656
18  0.0241743
19  0.0241449
20  0.0240005
21  0.0238828
22  0.0237084
23  0.023441
24  0.0232899
25  0.0231496
26  0.0229859
27  0.0227515
28  0.022579
29  0.0224211
30  0.0222156
31  0.0219642
32  0.0218756
33  0.0217649
34  0.0215003
35  0.0216861

68  #IVarray
#nbElt 36
0  0.10155
1  0.184355
2  0.353691
3  0.575787
4  0.691915
5  0.718956
6  0.725059
7  0.727969
8  0.730717
9  0.730638
10  0.729961
11  0.730128
12  0.729231
13  0.728099
14  0.727348
15  0.725411
16  0.725303
17  0.725702
18  0.72436
19  0.726675
20  0.725736
21  0.725156
22  0.723994
23  0.723327
24  0.721882
25  0.72026
26  0.71983
27  0.719265
28  0.718089
29  0.715929
30  0.713267
31  0.710825
32  0.710435
33  0.710017
34  0.707177
35  0.706502

69  #IVarray
#nbElt 36
0  0.0672616
1  0.103581
2  0.144321
3  0.165862
4  0.166872
5  0.16476
6  0.164753
7  0.165046
8  0.1668
9  0.17061
10  0.170319
11  0.164557
12  0.163946
13  0.175262
14  0.179546
15  0.173834
16  0.18334
17  0.233474
18  0.323332
19  0.401854
20  0.441903
21  0.463945
22  0.477734
23  0.48641
24  0.491896
25  0.496118
26  0.500545
27  0.504288
28  0.507179
29  0.509068
30  0.510242
31  0.511355
32  0.513885
33  0.516172
34  0.516972
35  0.519014

70  #IVarray
#nbElt 36
0  0.0646849
1  0.0940785
2  0.12764
3  0.146092
4  0.150438
5  0.153372
6  0.158642
7  0.166456
8  0.179349
9  0.197127
10  0.212327
11  0.217312
12  0.220079
13  0.226453
14  0.223174
15  0.213607
16  0.220755
17  0.263993
18  0.337091
19  0.405028
20  0.451841
21  0.485347
22  0.506376
23  0.517573
24  0.522685
25  0.525432
26  0.528258
27  0.530611
28  0.532448
29  0.533441
30  0.533968
31  0.534984
32  0.537634
33  0.53987
34  0.540718
35  0.542815

71  #IVarray
#nbElt 36
0  0.0443077
1  0.0570521
2  0.0672501
3  0.0697266
4  0.0668165
5  0.0649061
6  0.0641748
7  0.0639898
8  0.0650083
9  0.0681035
10  0.072682
11  0.0775933
12  0.0855298
13  0.10272
14  0.136161
15  0.185734
16  0.23884
17  0.284524
18  0.325673
19  0.365392
20  0.391889
21  0.405198
22  0.410119
23  0.411625
24  0.411484
25  0.410716
26  0.410298
27  0.409459
28  0.408112
29  0.40576
30  0.403342
31  0.401513
32  0.401095
33  0.400524
34  0.399109
35  0.398807

72  #IVarray
#nbElt 36
0  0.0976848
1  0.16392
2  0.284752
3  0.409356
4  0.453545
5  0.459346
6  0.460232
7  0.461954
8  0.463784
9  0.46306
10  0.461795
11  0.461939
12  0.470198
13  0.501475
14  0.540419
15  0.562104
16  0.576768
17  0.600035
18  0.639913
19  0.69364
20  0.735427
21  0.759457
22  0.769531
23  0.773418
24  0.773825
25  0.772857
26  0.77278
27  0.772556
28  0.77153
29  0.769166
30  0.766281
31  0.76384
32  0.763669
33  0.763157
34  0.761031
35  0.761348

73  #IVarray
#nbElt 36
0  0.11169
1  0.193123
2  0.335038
3  0.481138
4  0.540362
5  0.558991
6  0.574093
7  0.596278
8  0.630171
9  0.671954
10  0.717929
11  0.760448
12  0.789218
13  0.800849
14  0.802034
15  0.79565
16  0.786302
17  0.771448
18  0.748266
19  0.723353
20  0.689355
21  0.649318
22  0.6079
23  0.576768
24  0.558173
25  0.54776
26  0.540904
27  0.536237
28  0.537512
29  0.546131
30  0.558288
31  0.569437
32  0.578198
33  0.5792
34  0.573062
35  0.572109

74  #IVarray
#nbElt 36
0  0.0874321
1  0.166215
2  0.328175
3  0.53622
4  0.644994
5  0.680229
6  0.700435
7  0.71282
8  0.716659
9  0.712948
10  0.705491
11  0.696563
12  0.687501
13  0.675624
14  0.649748
15  0.617461
16  0.604854
17  0.605683
18  0.594009
19  0.590721
20  0.614501
21  0.650907
22  0.670981
23  0.677328
24  0.685057
25  0.699986
26  0.719602
27  0.73729
28  0.748155
29  0.746306
30  0.734339
31  0.723295
32  0.721336
33  0.727482
34  0.738055
35  0.753564

75  #IVarray
#nbElt 36
0  0.118732
1  0.201548
2  0.360389
3  0.556024
4  0.654862
5  0.686484
6  0.708268
7  0.727576
8  0.740818
9  0.747837
10  0.752871
11  0.758488
12  0.763019
13  0.763752
14  0.756597
15  0.735758
16  0.703121
17  0.659852
18  0.610229
19  0.570817
20  0.543397
21  0.524547
22  0.506139
23  0.492331
24  0.489186
25  0.496549
26  0.508705
27  0.519482
28  0.526972
29  0.526367
30  0.51612
31  0.505004
32  0.50089
33  0.503532
34  0.510189
35  0.523064

76  #IVarray
#nbElt 36
0  0.0808396
1  0.146988
2  0.257533
3  0.361816
4  0.39865
5  0.408014
6  0.412453
7  0.415039
8  0.416769
9  0.416457
10  0.416077
11  0.415993
12  0.415127
13  0.414226
14  0.413684
15  0.412058
16  0.411795
17  0.412265
18  0.411905
19  0.414062
20  0.414867
21  0.415546
22  0.415393
23  0.41486
24  0.413272
25  0.411745
26  0.411397
27  0.411151
28  0.410341
29  0.408696
30  0.406695
31  0.404803
32  0.403907
33  0.402851
34  0.401073
35  0.400976

77  #IVarray
#nbElt 36
0  0.058758
1  0.0882537
2  0.119095
3  0.136851
4  0.141888
5  0.145366
6  0.148932
7  0.15124
8  0.15102
9  0.149533
10  0.14852
11  0.148157
12  0.14827
13  0.148909
14  0.149685
15  0.149899
16  0.15023
17  0.150603
18  0.151064
19  0.152784
20  0.153733
21  0.154002
22  0.153185
23  0.151848
24  0.149955
25  0.148001
26  0.146424
27  0.14497
28  0.143405
29  0.141615
30  0.139605
31  0.137796
32  0.136365
33  0.134937
34  0.133248
35  0.132489

78  #IVarray
#nbElt 36
0  0.0202891
1  0.0253619
2  0.0287048
3  0.0312034
4  0.0318402
5  0.0326438
6  0.0334001
7  0.0336508
8  0.0334512
9  0.0329825
10  0.0326223
11  0.0325925
12  0.0325475
13  0.0325379
14  0.0325636
15  0.0324806
16  0.0324295
17  0.0324155
18  0.0325519
19  0.0328877
20  0.0331714
21  0.0332761
22  0.0330935
23  0.0327586
24  0.0323389
25  0.0319414
26  0.0315899
27  0.0314832
28  0.0311558
29  0.0309029
30  0.030575
31  0.0302117
32  0.0300581
33  0.0297258
34  0.0293029
35  0.0292646

79  #IVarray
#nbElt 36
0  0.0360605
1  0.043265
2  0.0500862
3  0.0529004
4  0.0536864
5  0.0541918
6  0.0556095
7  0.0578877
8  0.0604147
9  0.0627799
10  0.0651497
11  0.0688955
12  0.0810672
13  0.128353
14  0.228465
15  0.33721
16  0.40038
17  0.416331
18  0.405489
19  0.385164
20  0.356798
21  0.321961
22  0.281517
23  0.244902
24  0.219713
25  0.204681
26  0.194164
27  0.184867
28  0.178862
29  0.178327
30  0.183067
31  0.190995
32  0.200937
33  0.207528
34  0.207027
35  0.204946

80  #IVarray
#nbElt 36
0  0.0274004
1  0.0273298
2  0.028432
3  0.0273443
4  0.0260158
5  0.0246176
6  0.0231371
7  0.0213056
8  0.0197017
9  0.0181924
10  0.01667
11  0.0153246
12  0.0143351
13  0.0135146
14  0.0125083
15  0.0117988
16  0.0117395
17  0.0123858
18  0.0132974
19  0.0156238
20  0.0224584
21  0.0378731
22  0.0634598
23  0.0938123
24  0.120626
25  0.139424
26  0.151557
27  0.159523
28  0.165402
29  0.170306
30  0.174872
31  0.179735
32  0.185213
33  0.19022
34  0.193969
35  0.196938

81  #IVarray
#nbElt 36
0  0.0207868
1  0.0211166
2  0.0218316
3  0.0209788
4  0.0204071
5  0.0203473
6  0.0198926
7  0.0190777
8  0.0175877
9  0.0159805
10  0.014734
11  0.0138682
12  0.0130375
13  0.0125457
14  0.0123129
15  0.0124403
16  0.0133901
17  0.0164064
18  0.0243239
19  0.0442161
20  0.0896159
21  0.169377
22  0.282938
23  0.424207
24  0.558852
25  0.651897
26  0.708281
27  0.743075
28  0.765503
29  0.778541
30  0.789136
31  0.800204
32  0.811794
33  0.820445
34  0.824744
35  0.828755

82  #IVarray
#nbElt 36
0  0.0639385
1  0.114979
2  0.188291
3  0.240747
4  0.254025
5  0.256687
6  0.258867
7  0.259488
8  0.25654
9  0.248237
10  0.237572
11  0.22669
12  0.213775
13  0.198928
14  0.186157
15  0.179874
16  0.177187
17  0.171933
18  0.165449
19  0.177629
20  0.255624
21  0.388824
22  0.494096
23  0.544501
24  0.562826
25  0.568829
26  0.571327
27  0.572209
28  0.571961
29  0.570299
30  0.568376
31  0.567044
32  0.56715
33  0.567144
34  0.565983
35  0.566485

83  #IVarray
#nbElt 36
0  0.0663523
1  0.108244
2  0.159046
3  0.186978
4  0.189127
5  0.187786
6  0.18783
7  0.18881
8  0.189997
9  0.191815
10  0.193393
11  0.192986
12  0.191421
13  0.191313
14  0.1937
15  0.198606
16  0.198933
17  0.187379
18  0.171655
19  0.182512
20  0.273699
21  0.429997
22  0.54758
23  0.597935
24  0.615412
25  0.622304
26  0.627028
27  0.629993
28  0.63112
29  0.630137
30  0.62906
31  0.629486
32  0.631786
33  0.633823
34  0.633555
35  0.634475

84  #IVarray
#nbElt 36
0  0.0241737
1  0.0240841
2  0.0245096
3  0.0243417
4  0.0241955
5  0.0243482
6  0.0247885
7  0.0251449
8  0.0258237
9  0.0267591
10  0.0283081
11  0.0309292
12  0.0377396
13  0.0588063
14  0.0905618
15  0.11252
16  0.126058
17  0.147808
18  0.196525
19  0.287118
20  0.411495
21  0.548965
22  0.668345
23  0.746444
24  0.787835
25  0.808786
26  0.822022
27  0.830722
28  0.835696
29  0.837103
30  0.838432
31  0.841428
32  0.847291
33  0.85269
34  0.855355
35  0.858565

85  #IVarray
#nbElt 36
0  0.0182879
1  0.0164423
2  0.0165335
3  0.0171252
4  0.0171262
5  0.0177984
6  0.0193449
7  0.0219994
8  0.0268165
9  0.0335706
10  0.0416777
11  0.0506415
12  0.0669283
13  0.120681
14  0.243062
15  0.412719
16  0.563615
17  0.641642
18  0.652216
19  0.630858
20  0.589132
21  0.53266
22  0.464064
23  0.402491
24  0.361533
25  0.338187
26  0.322092
27  0.307707
28  0.298844
29  0.30008
30  0.310951
31  0.328738
32  0.350557
33  0.366363
34  0.367698
35  0.364595

86  #IVarray
#nbElt 36
0  0.0329395
1  0.0391032
2  0.0447073
3  0.0463441
4  0.0468673
5  0.047248
6  0.0483035
7  0.0499756
8  0.0516374
9  0.0530745
10  0.0547967
11  0.0579178
12  0.0684648
13  0.10961
14  0.194177
15  0.28184
16  0.332048
17  0.350706
18  0.355063
19  0.356321
20  0.354215
21  0.351798
22  0.349248
23  0.347127
24  0.344997
25  0.342857
26  0.341341
27  0.339836
28  0.33807
29  0.336084
30  0.33384
31  0.332054
32  0.331273
33  0.330276
34  0.328682
35  0.32834

87  #IVarray
#nbElt 36
0  0.0227062
1  0.0243498
2  0.0255236
3  0.0263096
4  0.0267191
5  0.027579
6  0.0295704
7  0.0337877
8  0.0424776
9  0.0579658
10  0.0813307
11  0.110534
12  0.152045
13  0.235162
14  0.375217
15  0.518918
16  0.603074
17  0.615167
18  0.581252
19  0.533164
20  0.477287
21  0.416667
22  0.35327
23  0.299695
24  0.263828
25  0.242304
26  0.226817
27  0.213696
28  0.205042
29  0.203108
30  0.207019
31  0.215518
32  0.22749
33  0.235817
34  0.236225
35  0.235004

88  #IVarray
#nbElt 36
0  0.0490304
1  0.0671552
2  0.083634
3  0.0897056
4  0.0890586
5  0.089348
6  0.0899022
7  0.0892861
8  0.0854679
9  0.0779129
10  0.0686647
11  0.0593587
12  0.0506795
13  0.0427435
14  0.035468
15  0.0302176
16  0.0280013
17  0.027204
18  0.0262476
19  0.0294432
20  0.0499759
21  0.108395
22  0.213209
23  0.349361
24  0.493964
25  0.618219
26  0.705257
27  0.756097
28  0.783173
29  0.795504
30  0.801751
31  0.808567
32  0.818194
33  0.826546
34  0.830947
35  0.834998

89  #IVarray
#nbElt 36
0  0.0286225
1  0.0390114
2  0.0481303
3  0.0529992
4  0.0543697
5  0.0513487
6  0.0456201
7  0.0390997
8  0.0330571
9  0.0281529
10  0.0243485
11  0.0213361
12  0.0189276
13  0.0173417
14  0.0161726
15  0.0151626
16  0.0146204
17  0.0148426
18  0.0154726
19  0.0160416
20  0.0162477
21  0.0171833
22  0.021012
23  0.0322834
24  0.0590937
25  0.10559
26  0.162688
27  0.216418
28  0.261538
29  0.296644
30  0.324177
31  0.345981
32  0.36498
33  0.380397
34  0.391359
35  0.399886

90  #IVarray
#nbElt 36
0  0.0289531
1  0.0337692
2  0.0378858
3  0.0380462
4  0.0367073
5  0.035819
6  0.0355075
7  0.0345339
8  0.0330253
9  0.0307672
10  0.0282984
11  0.0260636
12  0.0238143
13  0.021667
14  0.0196831
15  0.0184807
16  0.0183946
17  0.019386
18  0.0215443
19  0.0270366
20  0.0472696
21  0.101747
22  0.202117
23  0.341658
24  0.494036
25  0.618013
26  0.69768
27  0.741452
28  0.763993
29  0.774328
30  0.780666
31  0.78816
32  0.79861
33  0.807666
34  0.813298
35  0.818756

91  #IVarray
#nbElt 36
0  0.0355486
1  0.0401082
2  0.0443108
3  0.044769
4  0.0446725
5  0.0443584
6  0.0446968
7  0.0443333
8  0.0428355
9  0.0403661
10  0.0381116
11  0.0361621
12  0.0351231
13  0.0375696
14  0.0411272
15  0.0408563
16  0.0389726
17  0.0413028
18  0.0584908
19  0.102954
20  0.195949
21  0.361905
22  0.562185
23  0.711958
24  0.787327
25  0.820375
26  0.838187
27  0.848511
28  0.853722
29  0.85414
30  0.854282
31  0.856396
32  0.861177
33  0.865589
34  0.86727
35  0.870023

92  #IVarray
#nbElt 36
0  0.0390103
1  0.0436308
2  0.0490584
3  0.0509775
4  0.0504783
5  0.0506753
6  0.0520852
7  0.0538535
8  0.0555712
9  0.05723
10  0.0593656
11  0.0628661
12  0.0749885
13  0.12449
14  0.236191
15  0.380689
16  0.50232
17  0.585284
18  0.668285
19  0.756456
20  0.807214
21  0.829621
22  0.838861
23  0.84419
24  0.848513
25  0.853263
26  0.85976
27  0.865161
28  0.867523
29  0.866243
30  0.865547
31  0.867137
32  0.871194
33  0.874737
34  0.875762
35  0.878004

93  #IVarray
#nbElt 36
0  0.0210981
1  0.0196983
2  0.019442
3  0.0193572
4  0.0197368
5  0.0208642
6  0.0228712
7  0.0268123
8  0.0342392
9  0.0470948
10  0.0648103
11  0.0852789
12  0.115261
13  0.187163
14  0.328479
15  0.501523
16  0.632975
17  0.699673
18  0.724131
19  0.734682
20  0.735213
21  0.731432
22  0.721546
23  0.709539
24  0.700538
25  0.696736
26  0.696263
27  0.695136
28  0.693988
29  0.695134
30  0.701029
31  0.7111
32  0.723782
33  0.733241
34  0.73548
35  0.736527

94  #IVarray
#nbElt 36
0  0.0188924
1  0.018009
2  0.0186569
3  0.0189855
4  0.019786
5  0.0210845
6  0.0233926
7  0.0281562
8  0.0373951
9  0.0532205
10  0.0754879
11  0.100895
12  0.135032
13  0.207261
14  0.331833
15  0.457116
16  0.530587
17  0.553058
18  0.544686
19  0.524664
20  0.493767
21  0.453622
22  0.404513
23  0.358874
24  0.326967
25  0.307653
26  0.29372
27  0.281552
28  0.273671
29  0.273835
30  0.281379
31  0.294145
32  0.309794
33  0.319821
34  0.318884
35  0.315661

95  #IVarray
#nbElt 36
0  0.0124479
1  0.0105809
2  0.0105612
3  0.0109479
4  0.011358
5  0.0111638
6  0.0112569
7  0.0112677
8  0.0115481
9  0.0119059
10  0.0123815
11  0.0127342
12  0.0132091
13  0.0137742
14  0.0143796
15  0.0152674
16  0.0172357
17  0.021555
18  0.029591
19  0.0402248
20  0.0487281
21  0.0529924
22  0.0540545
23  0.0534016
24  0.052072
25  0.0506204
26  0.049299
27  0.0481833
28  0.0471368
29  0.0461106
30  0.0450663
31  0.0442925
32  0.0436689
33  0.0430537
34  0.0423382
35  0.0419613

